2015535941247
2015552495503
2015569043111
2015585591583
2015602144896
2015618693344
2015635240952
2015651795119
2015668342687
2015684891247
2015701439800
2015717993303
2019127241423
2019143790328
2019160343823
2019176891448
2022536490663
2022553044528
2022569592631
2022586139944
2022602693984
2022619242040
2022635790871
2022652338968
2022668892712
2022685440815
2022701988904
2022718542664
2022735090760
2022751638879
2022768186896
2022784740767
2022801288824
2022817836983
2022834390440
2022850938536
2022867486632
2022884034727
2022900588512
2022917136647
2022933684631
2022950238463
2022966786599
2022983334199
2022999888503
2023016436575
2023099182727
2023115736448
2023132284647
2023148832672
2023165380776
2023181934535
2023198482671
2023215030695
2023231584496
2023248132575
2023264680704
2023281234472
2023297782527
2023314330680
2023330878784
2023347432576
2023363980672
2023380528808
2023397082839
2023413630240
2023430178528
2023446726688
2023463280488
2023479828752
2023496377176
2023512930231
2023529478287
2023959774287
2023976322424
2026309837063
2026326385135
2026342938935
2026359487055
2026376035183
2026392583159
2026409137303
2026690483024
2026707031039
2026723579160
2026740132919
2026756681031
2026773229184
2026789777144
2026806330976
2026822879071
2026839427440
2027799314152
2027815867224
2027832415600
2027848963584
2027865511943
2027882065848
2027898613880
2027915162008
2027931715791
2027948263824
2027964811896
2028047563776
2028064111831
2028080659912
2028097213823
2028113761871
2028130309983
2028146858031
2028163411848
2028179959960
2028196508008
2044067723015
2044084276528
2044100825031
2044117372863
2044133926400
2044150475168
2044167022991
2044696618655
2044713166711
2068809609927
2068826157808
2068859259823
2068892356071
2069620546455
2069637094575
2069653642656
2069670196535
2069686744600
2069703292671
2069719846464
2069736394512
2069752942615
2069769496391
2069786044567
2069802592624
2073261490840
2073278044663
2073294592784
2073311140824
