2411012296152
2411028850008
2411045398056
2411459140248
2411475694072
2411492242136
2411508790240
2411525344008
2411541892103
2411558440272
2411574988247
2411591542143
2411608090216
2411624638312
2411641192144
2411657740176
2412253534120
2412303178472
2412319732215
2412336280352
2412716926311
2412733474447
2412750022440
2413461664448
2413478212544
2413494766392
2413511314423
2413527862504
2413544416319
2413660264439
2413676812472
2413693360623
2413709913872
2413726462416
2413743010552
2413759558576
2413776112400
2414107108432
2414123656528
2414140204688
2414156752752
2414173306487
2414189854656
2414206402624
2414222956472
2414239504624
2422017893920
2422034442024
2427181422768
2427197970856
2427214524632
2427231072808
2427247620880
2427264174608
2427280722720
2431103719384
2431120267488
2431136815600
2431153369359
2431169917456
2431186465488
2431203013631
2431219567472
2431236115520
2431252663592
2431269217344
2434181972088
2434198525936
2434215074040
2435936246504
2440834977280
2440851531056
2440868078744
2440884627335
2440901181096
2440917729192
2440934277199
2440950825272
2440967379136
2440983927192
2441000475368
2441017029160
2441033577256
2441050125279
2441066673336
2441083227216
2441679015472
2441695568760
2441712117328
2441728665439
2441745219280
2441761767288
2441778315351
2441794863496
2441811417360
2441827965343
2441844513496
2441861067216
2441877615392
2441894163376
2441910717199
2441927265336
2442208611336
2442225159432
2442241707535
2444062185631
2444078733744
2444095281888
2445948856152
2445965404200
2446031608071
2446048156104
2446130902272
2446147456008
2447405236392
2447421784480
2451923321264
2451939869224
2451956423136
2451989519224
2452006073095
2460247854680
2460264402704
2460280950736
2460297504552
2460314052728
2460330600720
2460347148832
2460363702640
2460380250744
2460396798784
2460413352632
2461058790304
2461075338919
2461091892704
2461108440872
2461124988928
2461141542744
2461224288928
2461240836471
2461257384528
2461273938904
2461290486944
2461307040776
2461323588856
2461340136935
2461356685016
2461373238791
2461389786888
2461406335040
2461455984879
2461472533055
2461489086864
2461505634856
2461522183024
2462763415255
2462779969000
2466172669728
2466189217800
2466205765928
2466222319704
2466238867752
2466255415304
2466271969599
2466288517720
2466305065783
2466321613856
2467132555879
2467149103912
2467165652072
2467182205911
2467198753919
2467215301984
2467960040208
2467976594080
2467993142168
2468108990144
2468125538192
2468142092040
2468158640120
2468175188248
2468191736272
2468208290144
2468224838160
2468257940064
2468274488144
2468291036280
2468307590088
2468324138144
2468340686184
2468655134200
2468671682216
2468688230327
2468704784080
2468721332264
2468737880359
2469697766424
2469714314536
2469730868359
2469747416447
2469763964552
2469780518336
2469797066487
2469813614568
2469830168328
2469846716439
2469863264496
2469879812535
2469896366383
2469912914464
2469929462544
