1853510065191
1853526613287
1853543161311
1853559714575
1853576263247
1853592811247
1853609359343
1853625913151
1854834043559
1854850597311
1854867145351
1854883693527
1854900241575
1854916795431
1854933343479
1854949891543
1854966445399
1854982993495
1854999541519
1855016095335
1855032643472
1855049191479
1855065739647
1858739792039
1858756340047
1858772888183
1858789442023
1858805990119
1858822538207
1860494066327
1860510614415
1860527168271
1860543716319
1860560264503
1861702202503
1861718750495
1861735298567
1861751851839
1861768400479
1861784948543
1861801496687
1861818050495
1865740347095
1865756895143
1865773443215
1865789991271
1865806545087
1865823093159
1865839640775
1865856195063
1865872743231
1865889291263
1865905839391
1865922393143
1865938941199
1865955489319
1865972043087
1865988591215
1866005139311
1866021693039
1866038241151
1866054789247
1866071337352
1866087891127
1866104439311
1866120987311
1866137541103
1866154089255
1866170637335
1866187185415
1866203739215
1866220287288
1866236835391
1866253389143
1866269937271
1866286485359
1866303039183
1866319587287
1867858713639
1867875267391
1867891814952
1867908363599
1868040765399
1868057313471
1868073861544
1868090409703
1868106963519
1868123511503
1868140059711
1868156613440
1868173161511
1868189709647
1868206257727
1868222811511
1879956599391
1879973147407
1879989695575
1880006249311
1880022797455
1880039345487
1880055893655
1880072447399
1880088995495
1880105543623
1880122097447
1880138645455
1880155193543
1880171741655
1880651687655
1880668235703
1880684788935
1880701337591
1882091519751
1882108067879
1882124615895
1882141169719
1882157717839
1882174265951
1882190813911
1882207367719
1882223915840
1882240463911
1882257017711
1882273565807
1882290113951
1882306667767
1883498249944
1883514798079
1883531346192
1883547894207
1883564448031
1883580996184
1883597544151
1884193338240
1884209886247
1884226440056
1884242988207
1884259536199
1884276084311
1884292638119
1884309186296
1884325734263
1884342288095
1884358836231
1884375384231
1884391938087
1884408486143
1884425034279
1884441582336
1884458136151
1884474684175
1884491232264
1884507786087
1885715916431
1885732464511
1885749018343
1885765566415
1885782114463
1885798668303
1885815216399
1887271596648
1887288144191
1887304692295
1887321246599
1887337794679
1887354342751
1887370896528
1887387444711
1887403992743
1889538913143
1889555461239
1890151255231
1890167803279
1890184357031
1890200905191
1890217453287
1899336374823
1899352928655
1899369476751
1899386024815
1899402578615
1899419126711
1899435674711
1899452228535
1899468776719
1899485324783
1899501872879
1899518426559
1899534974744
1899551522831
1899568076663
1899584624655
1899601172759
1899617726607
1899634274735
1899650822255
1899717020839
1899733574663
1899750122703
1899766670767
1899783218919
1899799772679
1899816320719
1899832868775
1899849422671
1899865970695
1899882518823
1899899072631
1899915620751
1910954314631
1910970862767
1910987416511
1911003964671
1911020512759
1911037066471
1911053614543
1911070162639
1911086710743
1911103264615
1911119812623
1911136360695
