2449500686200
2449517240064
2449533788200
2449550336232
2449566890024
2449583438168
2449599986264
2449616534279
2450113027880
2450129576432
2450146130296
2450162678344
2450179226448
2450195780208
2450212328296
2450228876432
2450245424495
2450261978232
2450278526328
2450295074496
2450311628295
2450328176400
2451139112536
2451155666336
2451172214432
2451188762600
2451205310600
2451221864439
2451238412495
2451254960664
2451271514376
2451288062456
2451304610615
2451321158696
2451486656728
2451503210456
2451519758648
2451536306687
2451552860400
2451569408528
2452214846840
2452231394872
2452247948672
2452264496808
2453472627520
2453489175272
2453505729376
2453522277528
2460026332960
2460042881088
2460059429047
2460075976720
2460092530711
2467440618480
2468632200376
2468648748408
2468665302280
2468681850360
2468698398464
2468714946448
2468731500119
2468748048400
2469227988304
2469244542487
2469261090464
2469277638592
2469294192456
2469310740807
2469327289175
2469343842223
2469360390511
2470022376824
2470038930423
2470055479432
2470072027256
2470088580672
2470105129271
2470121676607
2472140749119
2472157297568
2479008896727
2481623757792
2481640304951
2481656853151
2481673407023
2481689954991
2481706503519
2481723051175
2481739605607
2482302297464
2482318845495
2482335393335
2482351947799
2482368495272
2482385043327
2482434692752
2482451241431
2482467795919
2482484343744
2482500891455
2482517439351
2482533993647
2482550541088
2483162883815
2483179431967
2483195980183
2483212533871
2483709027672
2483725575792
2483742123856
2483758671984
2483775225999
2485926694272
2489799334855
2489815883256
2489832431584
2489848985335
2489865533487
2489882081503
2489898629631
2489915183447
2489931731312
2489948279576
2491156414943
2491172962959
2491189511103
2491206064672
2491967351384
2491983899440
2492000453679
2492017001799
2492033549767
2500209127791
2500225681559
2500242229655
2500258777808
2503337036224
2503353583439
2503370131703
2503386679680
